Copy:           41407.3     0.004799     0.003864     0.005678
Scale:         115685.0     0.001599     0.001383     0.002197
Add:           149175.0     0.002305     0.001609     0.003289
Triad:          65771.5     0.003708     0.003649     0.003739
Copy:           41861.9     0.004707     0.003822     0.005663
Scale:         112372.5     0.002483     0.001424     0.003587
Add:            85838.9     0.003237     0.002796     0.003818
Triad:          65737.1     0.003824     0.003651     0.004749
Copy:           34989.0     0.005160     0.004573     0.005812
Scale:         106742.3     0.001884     0.001499     0.002276
Add:           117941.8     0.002625     0.002035     0.003199
Triad:          67604.6     0.003745     0.003550     0.004251
Copy:           33777.4     0.005173     0.004737     0.005628
Scale:          99998.3     0.002286     0.001600     0.003199
Add:           105495.0     0.002782     0.002275     0.003126
Triad:          65698.5     0.003714     0.003653     0.003760
Copy:           35087.8     0.005184     0.004560     0.005839
Scale:         109960.5     0.001996     0.001455     0.004104
Add:           102560.7     0.002901     0.002340     0.004139
Triad:          65412.5     0.003726     0.003669     0.003774
